638396862	NODE_5_length_408385_cov_61.456354_31	51.9	212	97	3	9	218	4	212	2.3e-53	203.4
638396861	NODE_5_length_408385_cov_61.456354_32	55.8	217	96	0	1	217	1	217	6.0e-70	258.5
640873959	NODE_5_length_408385_cov_61.456354_32	55.9	213	94	0	2	214	4	216	8.6e-69	254.6
640873958	NODE_5_length_408385_cov_61.456354_31	58.5	212	84	2	3	213	1	209	1.3e-64	240.7
642107029	NODE_161_length_1065_cov_3.271255_1	54.9	326	146	1	1	326	1	325	1.5e-102	367.5
642645629	NODE_161_length_1065_cov_3.271255_1	50.9	326	159	1	1	326	1	325	4.4e-94	339.3
643594392	NODE_5_length_408385_cov_61.456354_31	50.7	213	102	1	5	217	4	213	1.3e-56	214.2
643594391	NODE_5_length_408385_cov_61.456354_32	50.3	199	99	0	16	214	16	214	1.1e-53	204.5
643811787	NODE_161_length_1065_cov_3.271255_1	52.1	326	155	1	1	326	1	325	7.0e-100	358.6
644101759	NODE_161_length_1065_cov_3.271255_1	55.6	248	109	1	1	248	1	247	2.4e-77	283.5
645507507	NODE_161_length_1065_cov_3.271255_1	51.8	326	156	1	1	326	1	325	3.3e-94	339.7
646420050	NODE_5_length_408385_cov_61.456354_31	50.2	209	101	1	5	213	4	209	5.4e-55	208.8
646045142	NODE_5_length_408385_cov_61.456354_32	55.3	217	97	0	1	217	1	217	3.9e-69	255.8
646045141	NODE_5_length_408385_cov_61.456354_31	53.1	209	93	3	9	215	4	209	4.6e-54	205.7
647531569	NODE_161_length_1065_cov_3.271255_1	54.9	253	113	1	5	257	3	254	3.5e-77	282.7
647999003	NODE_5_length_408385_cov_61.456354_32	55.3	217	97	0	1	217	1	217	1.7e-69	256.9
647999002	NODE_5_length_408385_cov_61.456354_31	53.6	209	92	3	9	215	4	209	9.3e-55	208.0
648146745	NODE_161_length_1065_cov_3.271255_1	54.2	323	147	1	3	325	4	325	5.9e-99	355.5
650259425	NODE_5_length_408385_cov_61.456354_31	53.7	214	94	3	9	221	4	213	3.2e-58	219.5
650259416	NODE_5_length_408385_cov_61.456354_32	51.3	197	96	0	16	212	17	213	1.5e-57	217.2
650869232	NODE_5_length_408385_cov_61.456354_32	51.7	211	102	0	3	213	4	214	1.6e-62	233.8
650869223	NODE_5_length_408385_cov_61.456354_31	55.2	210	89	3	7	215	4	209	8.2e-59	221.5
637253756	NODE_161_length_1065_cov_3.271255_1	54.9	326	146	1	1	326	1	325	1.1e-102	367.9
638882384	NODE_5_length_408385_cov_61.456354_31	50.8	189	90	2	5	193	4	189	2.0e-49	190.3
640769414	NODE_5_length_408385_cov_61.456354_32	52.6	211	100	0	2	212	4	214	2.4e-63	236.5
640769413	NODE_5_length_408385_cov_61.456354_31	57.1	212	87	2	1	211	1	209	1.0e-61	231.1
642235630	NODE_161_length_1065_cov_3.271255_1	54.3	324	147	1	5	328	3	325	8.0e-96	345.1
642243015	NODE_161_length_1065_cov_3.271255_1	54.3	324	147	1	5	328	3	325	8.0e-96	345.1
642762959	NODE_5_length_408385_cov_61.456354_31	51.2	213	101	1	5	217	4	213	1.2e-57	217.6
642762958	NODE_5_length_408385_cov_61.456354_32	50.3	199	99	0	16	214	16	214	1.1e-53	204.5
642559852	NODE_5_length_408385_cov_61.456354_31	55.6	214	92	1	3	216	1	211	2.4e-66	246.5
643447617	NODE_5_length_408385_cov_61.456354_32	55.0	211	95	0	2	212	4	214	4.7e-67	248.8
643447616	NODE_5_length_408385_cov_61.456354_31	57.5	214	87	2	1	213	1	211	1.3e-64	240.7
646252145	NODE_5_length_408385_cov_61.456354_31	52.4	212	96	3	9	218	4	212	3.2e-55	209.5
646252144	NODE_5_length_408385_cov_61.456354_32	51.2	217	106	0	1	217	1	217	2.9e-64	239.6
651379695	NODE_5_length_408385_cov_61.456354_32	55.0	211	95	0	2	212	4	214	3.5e-62	232.6
651379694	NODE_5_length_408385_cov_61.456354_31	64.6	212	72	1	2	213	3	211	1.2e-70	260.8
642082642	NODE_161_length_1065_cov_3.271255_1	52.1	326	155	1	1	326	1	325	5.3e-100	359.0
637257976	NODE_5_length_408385_cov_61.456354_32	54.8	217	98	0	1	217	1	217	1.1e-68	254.2
637257975	NODE_5_length_408385_cov_61.456354_31	53.6	209	92	3	9	215	4	209	2.1e-54	206.8
641729228	NODE_161_length_1065_cov_3.271255_1	51.2	326	158	1	1	326	1	325	4.4e-94	339.3
642094572	NODE_161_length_1065_cov_3.271255_1	51.8	326	156	1	1	326	1	325	3.3e-94	339.7
642644636	NODE_5_length_408385_cov_61.456354_32	52.1	215	103	0	3	217	4	218	2.3e-61	229.9
642644635	NODE_5_length_408385_cov_61.456354_31	54.6	207	88	2	1	207	1	201	1.1e-58	221.1
642644292	NODE_5_length_408385_cov_61.456354_32	54.4	215	98	0	3	217	4	218	4.5e-65	242.3
642644291	NODE_5_length_408385_cov_61.456354_31	55.6	207	86	2	1	207	1	201	3.9e-61	229.2
642847744	NODE_161_length_1065_cov_3.271255_1	52.1	326	155	1	1	326	1	325	1.4e-100	360.9
644789026	NODE_5_length_408385_cov_61.456354_32	55.2	212	95	0	2	213	4	215	1.2e-65	244.2
644789025	NODE_5_length_408385_cov_61.456354_31	57.6	205	83	2	2	205	1	202	7.9e-62	231.5
645961427	NODE_5_length_408385_cov_61.456354_31	56.2	208	87	2	9	215	4	208	3.4e-60	226.1
645961426	NODE_5_length_408385_cov_61.456354_32	53.1	211	99	0	3	213	4	214	5.6e-68	251.9
646255119	NODE_5_length_408385_cov_61.456354_32	55.8	217	96	0	1	217	1	217	6.0e-70	258.5
646255118	NODE_5_length_408385_cov_61.456354_31	51.9	212	97	3	9	218	4	212	2.3e-53	203.4
647016673	NODE_161_length_1065_cov_3.271255_1	54.3	324	147	1	5	328	3	325	8.0e-96	345.1
651355362	NODE_5_length_408385_cov_61.456354_32	55.3	217	97	0	1	217	1	217	1.3e-69	257.3
651355361	NODE_5_length_408385_cov_61.456354_31	53.6	209	92	3	9	215	4	209	2.7e-54	206.5
642841989	NODE_161_length_1065_cov_3.271255_1	54.3	324	147	1	5	328	3	325	8.0e-96	345.1
646336052	NODE_161_length_1065_cov_3.271255_1	54.3	324	147	1	5	328	3	325	8.0e-96	345.1
645968494	NODE_5_length_408385_cov_61.456354_31	56.2	208	87	2	9	215	4	208	3.4e-60	226.1
645968493	NODE_5_length_408385_cov_61.456354_32	53.1	211	99	0	3	213	4	214	5.6e-68	251.9
646284367	NODE_5_length_408385_cov_61.456354_31	54.5	209	91	2	9	216	4	209	3.4e-60	226.1
646284366	NODE_5_length_408385_cov_61.456354_32	57.0	214	92	0	1	214	1	214	3.4e-73	269.2
649671228	NODE_5_length_408385_cov_61.456354_31	54.8	210	91	2	2	210	3	209	1.5e-60	227.3
649671227	NODE_5_length_408385_cov_61.456354_32	55.9	211	93	0	3	213	4	214	9.5e-68	251.1
649670589	NODE_161_length_1065_cov_3.271255_1	56.5	324	140	1	8	331	3	325	9.6e-105	374.8
651013560	NODE_5_length_408385_cov_61.456354_31	55.5	211	90	2	5	214	2	209	8.7e-61	228.0
637863903	NODE_5_length_408385_cov_61.456354_32	50.3	199	99	0	16	214	16	214	1.9e-53	203.8
637863902	NODE_5_length_408385_cov_61.456354_31	51.2	213	101	1	5	217	4	213	1.5e-57	217.2
640785039	NODE_5_length_408385_cov_61.456354_32	57.5	212	90	0	2	213	3	214	2.4e-71	263.1
640785038	NODE_5_length_408385_cov_61.456354_31	56.9	216	87	3	7	219	4	216	2.1e-62	233.4
641302283	NODE_5_length_408385_cov_61.456354_31	52.8	212	96	2	1	211	1	209	4.4e-57	215.7
641302282	NODE_5_length_408385_cov_61.456354_32	51.6	217	105	0	2	218	4	220	2.9e-64	239.6
641656614	NODE_161_length_1065_cov_3.271255_1	52.1	326	155	1	1	326	1	325	7.0e-100	358.6
642098657	NODE_161_length_1065_cov_3.271255_1	54.9	326	146	1	1	326	1	325	1.5e-102	367.5
642181946	NODE_5_length_408385_cov_61.456354_32	55.5	211	94	0	3	213	4	214	2.4e-66	246.5
642181936	NODE_5_length_408385_cov_61.456354_31	55.9	213	90	2	7	218	4	213	1.1e-60	227.6
642465430	NODE_161_length_1065_cov_3.271255_1	54.9	326	146	1	1	326	1	325	1.5e-102	367.5
645958073	NODE_161_length_1065_cov_3.271255_1	56.2	324	141	1	1	324	1	323	1.3e-106	380.9
648897017	NODE_5_length_408385_cov_61.456354_31	53.6	209	93	2	7	214	4	209	8.1e-59	221.5
650421903	NODE_5_length_408385_cov_61.456354_32	57.5	212	90	0	2	213	3	214	3.0e-69	256.1
650421902	NODE_5_length_408385_cov_61.456354_31	55.0	211	92	1	5	215	2	209	1.5e-60	227.3
651273435	NODE_161_length_1065_cov_3.271255_1	52.1	326	155	1	1	326	1	325	7.0e-100	358.6
638869487	NODE_161_length_1065_cov_3.271255_1	54.3	324	147	1	5	328	3	325	8.0e-96	345.1
640155854	NODE_161_length_1065_cov_3.271255_1	54.3	324	147	1	5	328	3	325	8.0e-96	345.1
640849440	NODE_161_length_1065_cov_3.271255_1	52.1	326	155	1	1	326	1	325	7.0e-100	358.6
641248616	NODE_161_length_1065_cov_3.271255_1	51.9	324	155	1	5	328	3	325	2.5e-97	350.1
641248564	NODE_5_length_408385_cov_61.456354_32	57.3	211	90	0	3	213	4	214	5.1e-69	255.4
641248563	NODE_5_length_408385_cov_61.456354_31	61.6	211	77	2	7	216	4	211	8.1e-67	248.1
641232973	NODE_5_length_408385_cov_61.456354_32	57.0	214	92	0	1	214	1	214	4.8e-67	248.8
641232972	NODE_5_length_408385_cov_61.456354_31	58.6	210	84	1	8	217	3	209	2.3e-64	240.0
642230856	NODE_161_length_1065_cov_3.271255_1	54.3	324	147	1	5	328	3	325	8.0e-96	345.1
642240682	NODE_161_length_1065_cov_3.271255_1	54.3	324	147	1	5	328	3	325	8.0e-96	345.1
643848746	NODE_161_length_1065_cov_3.271255_1	51.8	326	156	1	1	326	1	325	2.7e-99	356.7
645627433	NODE_5_length_408385_cov_61.456354_32	51.9	214	103	0	7	220	4	217	1.9e-63	236.9
645627424	NODE_5_length_408385_cov_61.456354_31	52.3	216	98	3	5	219	2	213	5.9e-57	215.3
646487044	NODE_5_length_408385_cov_61.456354_31	52.2	201	93	1	5	205	4	201	2.8e-56	213.0
646968822	NODE_161_length_1065_cov_3.271255_1	51.8	326	156	1	1	326	1	325	2.0e-99	357.1
647511366	NODE_161_length_1065_cov_3.271255_1	54.3	324	147	1	5	328	3	325	8.0e-96	345.1
649962491	NODE_5_length_408385_cov_61.456354_31	57.9	209	84	2	7	214	4	209	9.3e-63	234.6
649962482	NODE_5_length_408385_cov_61.456354_32	56.4	211	92	0	3	213	4	214	3.4e-65	242.7
650976535	NODE_5_length_408385_cov_61.456354_31	50.7	213	102	1	5	217	4	213	7.4e-60	224.9
651580950	NODE_5_length_408385_cov_61.456354_32	56.5	193	84	0	1	193	22	214	5.4e-62	231.9
651580949	NODE_5_length_408385_cov_61.456354_31	62.7	177	63	1	1	177	1	174	2.5e-61	229.6
651401378	NODE_5_length_408385_cov_61.456354_31	50.7	201	96	1	5	205	4	201	4.3e-52	199.1
651398655	NODE_5_length_408385_cov_61.456354_31	51.0	200	95	1	5	204	4	200	8.4e-53	201.4
637387272	NODE_161_length_1065_cov_3.271255_1	52.1	326	155	1	1	326	1	325	6.3e-101	362.1
637263690	NODE_161_length_1065_cov_3.271255_1	50.3	324	159	2	2	324	3	325	1.5e-86	314.3
637262291	NODE_5_length_408385_cov_61.456354_31	56.2	210	88	2	8	216	3	209	5.5e-63	235.3
637262290	NODE_5_length_408385_cov_61.456354_32	55.3	215	96	0	3	217	4	218	3.3e-68	252.7
638025143	NODE_5_length_408385_cov_61.456354_31	50.7	213	102	1	5	217	4	213	7.4e-60	224.9
637149776	NODE_5_length_408385_cov_61.456354_31	54.3	210	91	3	7	215	4	209	3.1e-58	219.5
637149767	NODE_5_length_408385_cov_61.456354_32	52.1	211	101	0	3	213	4	214	2.4e-63	236.5
640852980	NODE_161_length_1065_cov_3.271255_1	52.1	326	155	1	1	326	1	325	7.0e-100	358.6
640999753	NODE_161_length_1065_cov_3.271255_1	52.8	326	153	1	1	326	1	325	3.0e-95	343.2
641350115	NODE_5_length_408385_cov_61.456354_31	50.5	210	101	1	5	214	4	210	9.1e-58	218.0
641662489	NODE_161_length_1065_cov_3.271255_1	52.5	326	154	1	1	326	1	325	1.1e-100	361.3
641747392	NODE_5_length_408385_cov_61.456354_31	52.8	212	95	3	9	218	4	212	3.2e-55	209.5
641747391	NODE_5_length_408385_cov_61.456354_32	51.6	217	105	0	1	217	1	217	4.4e-65	242.3
642566892	NODE_161_length_1065_cov_3.271255_1	54.6	326	147	1	1	326	1	325	5.7e-102	365.5
642655331	NODE_5_length_408385_cov_61.456354_31	55.2	210	89	3	7	215	4	209	2.4e-58	219.9
642655322	NODE_5_length_408385_cov_61.456354_32	52.1	211	101	0	3	213	4	214	2.4e-63	236.5
644722784	NODE_5_length_408385_cov_61.456354_32	51.9	214	103	0	3	216	4	217	1.9e-63	236.9
644722775	NODE_5_length_408385_cov_61.456354_31	52.3	216	98	3	5	219	2	213	5.9e-57	215.3
645614995	NODE_161_length_1065_cov_3.271255_1	51.5	326	157	1	1	326	1	325	1.2e-94	341.3
645110846	NODE_161_length_1065_cov_3.271255_1	54.3	324	147	1	5	328	3	325	8.0e-96	345.1
646332570	NODE_161_length_1065_cov_3.271255_1	54.3	324	147	1	5	328	3	325	8.0e-96	345.1
648850928	NODE_161_length_1065_cov_3.271255_1	54.2	323	147	1	3	325	4	325	5.9e-99	355.5
650953150	NODE_161_length_1065_cov_3.271255_1	51.5	324	156	1	2	325	3	325	5.5e-97	349.0
651113050	NODE_161_length_1065_cov_3.271255_1	51.5	324	156	1	2	325	3	325	5.5e-97	349.0
645353975	NODE_5_length_408385_cov_61.456354_31	52.4	212	96	3	9	218	4	212	2.8e-54	206.5
645353974	NODE_5_length_408385_cov_61.456354_32	54.8	217	98	0	1	217	1	217	8.6e-69	254.6
637178746	NODE_161_length_1065_cov_3.271255_1	51.5	324	156	1	2	325	3	325	5.5e-97	349.0
638083522	NODE_161_length_1065_cov_3.271255_1	54.9	326	146	1	1	326	1	325	1.5e-102	367.5
640575038	NODE_161_length_1065_cov_3.271255_1	52.1	326	155	1	1	326	1	325	7.0e-100	358.6
640843017	NODE_5_length_408385_cov_61.456354_31	52.1	213	99	1	5	217	4	213	3.7e-59	222.6
640770430	NODE_161_length_1065_cov_3.271255_1	50.9	326	159	1	1	326	1	325	1.2e-91	331.3
640856756	NODE_161_length_1065_cov_3.271255_1	51.8	326	156	1	1	326	1	325	2.0e-99	357.1
642103174	NODE_161_length_1065_cov_3.271255_1	54.9	326	146	1	1	326	1	325	1.5e-102	367.5
642100587	NODE_161_length_1065_cov_3.271255_1	54.9	326	146	1	1	326	1	325	1.5e-102	367.5
642085688	NODE_161_length_1065_cov_3.271255_1	51.8	326	156	1	1	326	1	325	2.7e-99	356.7
642110401	NODE_161_length_1065_cov_3.271255_1	54.6	326	147	1	1	326	1	325	4.4e-102	365.9
644452123	NODE_5_length_408385_cov_61.456354_31	54.2	214	93	3	9	221	4	213	4.9e-59	222.2
644452114	NODE_5_length_408385_cov_61.456354_32	51.8	197	95	0	16	212	17	213	1.5e-57	217.2
645578243	NODE_161_length_1065_cov_3.271255_1	50.6	326	160	1	1	326	1	325	2.8e-93	336.7
646236759	NODE_161_length_1065_cov_3.271255_1	50.3	326	161	1	1	326	1	325	4.4e-94	339.3
647526829	NODE_5_length_408385_cov_61.456354_31	53.6	209	92	3	9	215	4	209	2.1e-54	206.8
647526828	NODE_5_length_408385_cov_61.456354_32	54.8	217	98	0	1	217	1	217	1.1e-68	254.2
647641713	NODE_5_length_408385_cov_61.456354_32	55.3	215	96	0	3	217	4	218	3.3e-68	252.7
647641712	NODE_5_length_408385_cov_61.456354_31	57.1	210	86	2	8	216	3	209	1.9e-63	236.9
648011398	NODE_161_length_1065_cov_3.271255_1	51.5	326	157	1	1	326	1	325	1.2e-94	341.3
